%第6，7章
A = [4,-1,1;
    4,-8,1;
    -2,1,5];